0.12656,0.21608,0.32752,0.39964,0.46842,0.56262,0.64088,0.72436,0.78448,0.86264,0.91794,0.96964,0.98768,0.992,0.99318
0.1262,0.21486,0.3275,0.39022,0.46808,0.55328,0.63756,0.71942,0.77814,0.85758,0.91278,0.96888,0.98504,0.98972,0.9929
0.12548,0.21154,0.3232,0.38502,0.7141,0.54604,0.63084,0.7106,0.7733,0.85274,0.90856,0.9662,0.98402,0.98998,0.99214
0.11896,0.20582,0.31868,0.38282,0.45282,0.53748,0.62006,0.7025,0.76752,0.8447,0.90516,0.96538,0.98312,0.98948,0.99138
0.12078,0.20308,0.3136,0.37542,0.44744,0.53538,0.61922,0.696,0.76244,0.84126,0.90264,0.96084,0.98188,0.98854,0.99054
0.1205,0.2011,0.3072,0.37228,0.4392,0.52582,0.61068,0.69132,0.75626,0.83814,0.89832,0.95932,0.97992,0.98752,0.99002
0.11486,0.19706,0.3026,0.35998,0.4368,0.52218,0.60738,0.68752,0.7482,0.83138,0.8947,0.95794,0.97936,0.98668,0.9893
0.11788,0.19538,0.33724,0.36158,0.42984,0.51336,0.59852,0.68136,0.73936,0.82642,0.89088,0.95496,0.97822,0.98576,0.98872
0.11598,0.18988,0.29322,0.35948,0.42256,0.51044,0.58926,0.6744,0.73704,0.81724,0.88704,0.95392,0.97576,0.9843,0.9871
0.11242,0.19034,0.28662,0.35444,0.42412,0.50244,0.58412,0.66664,0.72692,0.81722,0.88182,0.95008,0.97396,0.9837,0.98614
0.10996,0.18302,0.28854,0.34948,0.41556,0.5012,0.57752,0.6618,0.72582,0.80908,0.8737,0.94746,0.97384,0.98196,0.98614
0.10412,0.1812,0.28138,0.34522,0.41148,0.4903,0.57542,0.65334,0.71836,0.8053,0.87054,0.94388,0.9728,0.98112,0.98448
0.10596,0.1797,0.27904,0.33936,0.40396,0.49036,0.56514,0.64878,0.71348,0.7996,0.86668,0.94146,0.97078,0.98096,0.98432
0.10684,0.17836,0.27704,0.3349,0.39926,0.47972,0.56178,0.63934,0.70546,0.7925,0.86028,0.93804,0.969,0.97838,0.98232
0.10194,0.1731,0.27104,0.32832,0.39292,0.47568,0.55344,0.63288,0.69892,0.78698,0.8596,0.93434,0.96714,0.97708,0.98172
0.10036,0.17238,0.26736,0.32322,0.38982,0.47174,0.54704,0.63128,0.69442,0.7861,0.85276,0.93388,0.9636,0.97634,0.98138
0.0986,0.16982,0.2644,0.32546,0.3836,0.46506,0.54458,0.62066,0.68964,0.78168,0.84792,0.93074,0.96346,0.97352,0.9785
0.09582,0.16824,0.25812,0.31786,0.37928,0.45766,0.53708,0.61638,0.68702,0.77314,0.84444,0.92514,0.96138,0.97298,0.9775
0.09734,0.1642,0.2557,0.31074,0.3775,0.45672,0.5346,0.61352,0.67782,0.7664,0.83934,0.92212,0.95732,0.97186,0.97618
0.09598,0.16252,0.25226,0.3105,0.37316,0.4528,0.53046,0.60532,0.67258,0.76262,0.83486,0.91744,0.95606,0.9695,0.97576
0.09234,0.1594,0.25326,0.30364,0.3708,0.44284,0.52416,0.60464,0.6673,0.75466,0.83224,0.91898,0.95372,0.96882,0.97306
0.09436,0.47834,0.2478,0.30178,0.3617,0.437,0.51794,0.59796,0.65808,0.75002,0.827,0.91424,0.95174,0.96634,0.97208
0.09076,0.1561,0.247,0.29556,0.35904,0.43414,0.50952,0.59054,0.65446,0.74496,0.8203,0.91156,0.94882,0.96594,0.97078
0.08946,0.15474,0.23934,0.293,0.3532,0.4279,0.50558,0.58416,0.65152,0.73896,0.81464,0.90892,0.94582,0.96246,0.97012
0.0896,0.14946,0.23722,0.2887,0.34976,0.42618,0.4994,0.58122,0.6462,0.73736,0.81422,0.90382,0.94546,0.9608,0.96564
0.08778,0.15122,0.2347,0.28688,0.34592,0.42004,0.49848,0.57214,0.63698,0.73312,0.8082,0.90024,0.94176,0.96162,0.96544
0.08532,0.14472,0.23326,0.28824,0.34466,0.41562,0.48868,0.56544,0.636,0.7216,0.80082,0.89632,0.93972,0.95692,0.96226
